10
1
0
2
FlyingFoogaFoog 200 200
FlyingFoogaFoog 400 250
11
-200 560 1000 100
0 460 160 16
500 460 160 16
100 360 96 16
300 360 80 16
504 360 96 16
64 260 100 16
256 260 288 16
608 260 128 16
160 160 160 16
480 160 160 16
2
0
3
FlyingFoogaFoog 150 200
FlyingFoogaFoog 300 180
Botom 450 150
9
-200 560 1000 100
100 450 150 16
350 450 150 16
80 350 120 16
400 350 120 16
120 250 200 16
400 250 80 16
150 150 150 16
450 150 150 16
3
0
2
FlyingFoogaFoog 200 200
Botom 400 200
8
-200 560 1000 100
50 460 150 16
400 460 150 16
150 360 100 16
350 360 100 16
100 260 150 16
350 260 150 16
200 160 200 16
4
1
4
FlyingFoogaFoog 150 200
FlyingFoogaFoog 300 180
FlyingFoogaFoog 450 150
Botom 300 100
11
-200 560 1000 100
80 450 120 16
300 450 120 16
520 450 80 16
100 350 80 16
280 350 100 16
460 350 80 16
150 250 150 16
350 250 150 16
120 150 120 16
400 150 120 16
5
1
5
FlyingFoogaFoog 120 200
FlyingFoogaFoog 250 200
FlyingFoogaFoog 380 200
Botom 200 100
Botom 400 100
13
-200 560 1000 100
50 450 100 16
300 450 100 16
500 450 100 16
100 360 80 16
250 360 80 16
400 360 80 16
150 270 120 16
350 270 120 16
80 180 100 16
300 180 100 16
450 180 100 16
250 80 100 16
6
1
5
FlyingFoogaFoog 120 200
FlyingFoogaFoog 250 200
FlyingFoogaFoog 380 200
Botom 200 100
Botom 400 100
13
-200 560 1000 100
50 450 100 16
300 450 100 16
500 450 100 16
100 360 80 16
250 360 80 16
400 360 80 16
150 270 120 16
350 270 120 16
80 180 100 16
300 180 100 16
450 180 100 16
250 80 100 16
7
1
5
FlyingFoogaFoog 120 200
FlyingFoogaFoog 250 200
FlyingFoogaFoog 380 200
Botom 200 100
Botom 400 100
13
-200 560 1000 100
50 450 100 16
300 450 100 16
500 450 100 16
100 360 80 16
250 360 80 16
400 360 80 16
150 270 120 16
350 270 120 16
80 180 100 16
300 180 100 16
450 180 100 16
250 80 100 16
8
1
5
FlyingFoogaFoog 120 200
FlyingFoogaFoog 250 200
FlyingFoogaFoog 380 200
Botom 200 100
Botom 400 100
13
-200 560 1000 100
50 450 100 16
300 450 100 16
500 450 100 16
100 360 80 16
250 360 80 16
400 360 80 16
150 270 120 16
350 270 120 16
80 180 100 16
300 180 100 16
450 180 100 16
250 80 100 16
9
1
5
FlyingFoogaFoog 120 200
FlyingFoogaFoog 250 200
FlyingFoogaFoog 380 200
Botom 200 100
Botom 400 100
13
-200 560 1000 100
50 450 100 16
300 450 100 16
500 450 100 16
100 360 80 16
250 360 80 16
400 360 80 16
150 270 120 16
350 270 120 16
80 180 100 16
300 180 100 16
450 180 100 16
250 80 100 16
10
1
5
FlyingFoogaFoog 120 200
FlyingFoogaFoog 250 200
FlyingFoogaFoog 380 200
Botom 200 100
Botom 400 100
13
-200 560 1000 100
50 450 100 16
300 450 100 16
500 450 100 16
100 360 80 16
250 360 80 16
400 360 80 16
150 270 120 16
350 270 120 16
80 180 100 16
300 180 100 16
450 180 100 16
250 80 100 16