10
1
0
2
FlyingFoogaFoog 200 200
FlyingFoogaFoog 400 250
4
0 560 600 40
400 440 190 30
280 320 250 30
100 200 350 30
2
0
3
FlyingFoogaFoog 150 200
FlyingFoogaFoog 300 180
Botom 450 150
4
0 560 600 40
50 440 200 30
380 320 200 30
100 200 220 30
3
0
2
FlyingFoogaFoog 200 200
Botom 400 200
4
0 560 600 40
200 440 200 30
175 320 250 30
150 200 300 30
4
0
3
FlyingFoogaFoog 150 200
Tornado 150 100
Botom 300 100
5
0 560 600 40
30 440 180 30
350 320 220 30
80 200 160 30
420 80 160 30
5
1
1
Mogera 400 180
6
0 560 600 40
140 450 240 30
40 345 260 30
130 245 220 30
430 320 130 30
40 145 230 30
6
0
5
FlyingFoogaFoog 120 200
FlyingFoogaFoog 250 200
FlyingFoogaFoog 380 200
Botom 200 100
Botom 400 100
6
0 560 600 40
20 440 150 30
430 440 150 30
80 320 140 30
380 320 140 30
150 200 300 30
7
0
5
FlyingFoogaFoog 120 200
FlyingFoogaFoog 250 200
FlyingFoogaFoog 380 200
Botom 200 100
Botom 400 100
4
0 560 600 40
480 440 100 30
350 320 200 30
220 200 240 30
8
0
5
FlyingFoogaFoog 120 200
FlyingFoogaFoog 250 200
FlyingFoogaFoog 380 200
Botom 200 100
Botom 400 100
5
0 560 600 40
180 440 240 30
60 320 100 30
440 320 100 30
250 200 120 30
9
0
5
FlyingFoogaFoog 120 200
FlyingFoogaFoog 250 200
FlyingFoogaFoog 380 200
Botom 200 100
Botom 400 100
4
0 560 600 40
150 440 300 30
200 320 250 30
100 200 400 30
10
1
5
FlyingFoogaFoog 120 200
FlyingFoogaFoog 250 200
FlyingFoogaFoog 380 200
Botom 200 100
Botom 400 100
6
0 560 600 40
50 440 200 30
350 440 200 30
150 320 300 30
70 200 140 30
390 200 140 30